$ANSIBLE_VAULT;1.1;AES256
35356137316235636364636236313537393734333536616464636235613633323337326632343564
3262343933623361396262383430353232303437326636390a363633656465623738636233616339
31376561316634346531393433353830363333613864666630323065663861386565313963656263
6265366163623733610a393665613966343239623163336561373063316536326433653033356334
32656566666263633835623336353138636539326464363862313233303034663036616465663535
39303061376437613463643063663036336537633163373033633932323238313538613563323534
62613138626632316564303133663938623330393239643338316162643966643732323037373965
31396538363161393933323663346535663434393661633435633666343464373232663362343330
61336130346433383966663465656165306634666239633364353237623633653937383564653262
63343762656164346330626562306638616662393061376162386433333637613565613639653136
37626162646434396636333535623263333035393436663332343537353564396566393836653862
63363564323465333762633163313634306134383161643531663862353232356663616434376666
61333338346661613130343031656234393830303334306363613535333962656239396539663230
31333636313731626331376639303130356338313366313236323261633135636132653135306430
32303736343036386264373838396331643536623938653837353735643338373363306133396562
64643631663130333565383637646164356263383236333238356137366539316461346564373637
32626239333666396564343261356632323034313238633835373666303463303437
